[[ 0.          0.64437316  0.50320524]
 [ 1.09       -0.61389619  0.46357979]
 [ 2.14        0.59798716  0.41525129]
 [ 3.19       -0.57578054  0.38974926]
 [ 4.22        0.56079345  0.34781595]
 [ 5.24       -0.53530706  0.32591866]
 [ 6.25        0.52605423  0.29815059]
 [ 7.25       -0.50391065  0.28202145]
 [ 8.25        0.49405424  0.25186731]
 [ 9.25       -0.46808853  0.23548876]
 [10.24        0.45108182  0.20878145]
 [11.21       -0.43132599  0.196139  ]
 [12.19        0.42109205  0.17565732]
 [13.15       -0.39685713  0.16497366]
 [14.13        0.38597722  0.1497924 ]
 [15.09       -0.37538448  0.14630073]
 [16.05        0.3605715   0.13349693]
 [17.01       -0.35113097  0.13046364]
 [17.98        0.33044674  0.11615057]
 [18.93       -0.32564851  0.11062009]
 [19.89        0.29566006  0.0976771 ]]