[[ 0.          0.64482328  0.50353371]
 [ 1.08       -0.61458417  0.46621929]
 [ 2.14        0.59502915  0.40838169]
 [ 3.19       -0.5660749   0.37594467]
 [ 4.21        0.5556399   0.34018879]
 [ 5.23       -0.53587607  0.32499277]
 [ 6.24        0.52212031  0.29263049]
 [ 7.24       -0.50471013  0.27870829]
 [ 8.25        0.48490576  0.24836373]
 [ 9.23       -0.47102931  0.23670622]
 [10.22        0.45613669  0.21482657]
 [11.21       -0.4425209   0.20573038]
 [12.18        0.42094307  0.18480195]
 [13.15       -0.41320552  0.17671897]
 [14.11        0.38594756  0.15720571]
 [15.08       -0.38098512  0.15133466]
 [16.06        0.35410989  0.13390813]
 [17.03       -0.35524719  0.13039322]
 [17.98        0.32137422  0.11425694]
 [18.92       -0.32764811  0.1097161 ]
 [19.9         0.29209625  0.09682117]]