[[ 0.          0.64244039  0.50350478]
 [ 1.07       -0.6215942   0.46795499]
 [ 2.14        0.6008454   0.42477463]
 [ 3.18       -0.58235519  0.39356125]
 [ 4.21        0.55965022  0.35165528]
 [ 5.24       -0.53947399  0.3308517 ]
 [ 6.26        0.52222927  0.2958688 ]
 [ 7.26       -0.50827937  0.28096462]
 [ 8.25        0.48713849  0.25206936]
 [ 9.25       -0.47668427  0.24266277]
 [10.23        0.4548518   0.21961974]
 [11.2        -0.44693088  0.21062217]
 [12.19        0.42569224  0.19063429]
 [13.16       -0.41799968  0.18153354]
 [14.13        0.3955187   0.16407537]
 [15.09       -0.39350511  0.15705141]
 [16.05        0.36582052  0.14198097]
 [17.02       -0.36794587  0.13842251]
 [17.98        0.34007237  0.12553809]
 [18.92       -0.34171768  0.11924902]
 [19.88        0.30857123  0.10614103]]