[[ 0.          0.64459342  0.50196339]
 [ 1.07       -0.61393051  0.47271402]
 [ 2.12        0.60743637  0.42742511]
 [ 3.17       -0.57324338  0.39696697]
 [ 4.21        0.57110357  0.36165261]
 [ 5.23       -0.5422617   0.34151856]
 [ 6.24        0.54036383  0.30977468]
 [ 7.24       -0.50812196  0.29390031]
 [ 8.25        0.5090822   0.26898412]
 [ 9.24       -0.47816804  0.25407898]
 [10.23        0.47414383  0.23214448]
 [11.22       -0.44948987  0.21954668]
 [12.2         0.4399298   0.19771976]
 [13.18       -0.42030587  0.18936599]
 [14.15        0.4025906   0.167429  ]
 [15.13       -0.3904635   0.15931572]
 [16.08        0.36443626  0.14148521]
 [17.05       -0.35896374  0.13566867]
 [18.01        0.33866327  0.123009  ]
 [18.97       -0.33318159  0.11832942]
 [19.91        0.30762631  0.10455107]]