[[ 0.          0.64459342  0.5016737 ]
 [ 1.06       -0.61621736  0.46244996]
 [ 2.12        0.60402861  0.41017623]
 [ 3.16       -0.57552169  0.38587607]
 [ 4.2         0.56112406  0.33373453]
 [ 5.21       -0.5258743   0.31174692]
 [ 6.22        0.51600105  0.28030565]
 [ 7.21       -0.49582454  0.26751476]
 [ 8.22        0.48110419  0.23865697]
 [ 9.21       -0.45978926  0.22787169]
 [10.19        0.44877345  0.20511683]
 [11.17       -0.43033787  0.1968667 ]
 [12.14        0.42449404  0.17772545]
 [13.13       -0.40059814  0.17025645]
 [14.1         0.3897418   0.15287066]
 [15.05       -0.37360037  0.1460973 ]
 [16.01        0.35911741  0.13238953]
 [16.98       -0.35170497  0.12862406]
 [17.94        0.33184888  0.11450252]
 [18.9        -0.32305654  0.10880783]
 [19.84        0.30495026  0.09721486]]