[[ 0.09        0.64476531  0.50650483]
 [ 1.25       -0.61726634  0.47159328]
 [ 2.3         0.59761058  0.41160523]
 [ 3.35       -0.57789189  0.38608427]
 [ 4.39        0.55527064  0.34418396]
 [ 5.41       -0.54054498  0.32331957]
 [ 6.42        0.51607456  0.28877883]
 [ 7.43       -0.507342    0.27601544]
 [ 8.41        0.4837851   0.25058543]
 [ 9.41       -0.47684253  0.24096832]
 [10.39        0.45239886  0.21931346]
 [11.37       -0.44782281  0.21106195]
 [12.35        0.42232436  0.19121739]
 [13.32       -0.42012813  0.18319502]
 [14.28        0.39219411  0.16572682]
 [15.25       -0.39480219  0.16347654]
 [16.22        0.36413703  0.14717873]
 [17.18       -0.366742    0.14151764]
 [18.13        0.33208593  0.12660493]
 [19.09       -0.33709776  0.12311542]
 [20.05        0.30288874  0.1090602 ]]