[[ 0.          0.64426735  0.50559837]
 [ 1.13       -0.61748425  0.47087439]
 [ 2.19        0.61080525  0.42448787]
 [ 3.24       -0.57819298  0.39537865]
 [ 4.28        0.5782114   0.36074917]
 [ 5.3        -0.53911279  0.33523874]
 [ 6.31        0.54167623  0.30277601]
 [ 7.33       -0.50403365  0.28828155]
 [ 8.33        0.51146222  0.26000265]
 [ 9.32       -0.47123999  0.24614478]
 [10.31        0.47928971  0.22536846]
 [11.29       -0.43881226  0.20818551]
 [12.28        0.44514685  0.18832673]
 [13.26       -0.40839537  0.17785769]
 [14.23        0.41310785  0.16277677]
 [15.21       -0.37407512  0.15313799]
 [16.16        0.38009853  0.1387918 ]
 [17.13       -0.34190587  0.13261661]
 [18.08        0.35161584  0.12123175]
 [19.05       -0.31723836  0.11616444]
 [19.99        0.32564344  0.10721762]]