[[ 0.          0.64605632  0.50656874]
 [ 1.07       -0.61212466  0.46649941]
 [ 2.13        0.60829509  0.41879081]
 [ 3.18       -0.57482794  0.39183911]
 [ 4.21        0.57627298  0.35596515]
 [ 5.23       -0.53590676  0.33060869]
 [ 6.25        0.53913214  0.2980996 ]
 [ 7.25       -0.49658401  0.28199097]
 [ 8.25        0.50592774  0.25648493]
 [ 9.25       -0.46173093  0.24248961]
 [10.24        0.47013693  0.22029544]
 [11.22       -0.42922292  0.20701062]
 [12.2         0.43645612  0.18781572]
 [13.17       -0.40029601  0.17983727]
 [14.13        0.40622868  0.16477614]
 [15.1        -0.37472819  0.15937992]
 [16.06        0.37974167  0.1442118 ]
 [17.02       -0.35262634  0.14065788]
 [17.98        0.35428816  0.12785585]
 [18.95       -0.33056873  0.1263133 ]
 [19.9         0.32867322  0.11369164]]