[[ 0.          0.64198621  0.50746748]
 [ 1.07       -0.61433558  0.46593073]
 [ 2.13        0.60392756  0.41594281]
 [ 3.17       -0.57231161  0.39171056]
 [ 4.21        0.56210836  0.33930457]
 [ 5.22       -0.52032353  0.31301572]
 [ 6.23        0.52647214  0.28526901]
 [ 7.23       -0.48542028  0.2711004 ]
 [ 8.24        0.49158676  0.24562827]
 [ 9.21       -0.44936959  0.23210609]
 [10.2         0.46006372  0.2114441 ]
 [11.19       -0.42297414  0.20247377]
 [12.14        0.4293499   0.18355273]
 [13.13       -0.39617443  0.1772011 ]
 [14.09        0.39637351  0.15922167]
 [15.07       -0.36730145  0.15258414]
 [16.03        0.36737767  0.13903217]
 [16.98       -0.34290444  0.13353149]
 [17.95        0.34077228  0.12156561]
 [18.91       -0.31512648  0.11698229]
 [19.85        0.31183426  0.10636471]]