[[ 0.          0.64633345  0.50604947]
 [ 1.09       -0.60838765  0.46234585]
 [ 2.16        0.60114587  0.40653026]
 [ 3.21       -0.56356875  0.37432067]
 [ 4.24        0.56194623  0.3365116 ]
 [ 5.26       -0.52750071  0.31483205]
 [ 6.27        0.52604342  0.28327194]
 [ 7.27       -0.48884872  0.26516999]
 [ 8.26        0.49227784  0.24208919]
 [ 9.25       -0.45950996  0.23164498]
 [10.24        0.46329957  0.21418895]
 [11.22       -0.43273408  0.20478109]
 [12.2         0.43289261  0.18600185]
 [13.17       -0.4010382   0.17700205]
 [14.13        0.40314628  0.16102938]
 [15.1        -0.37119378  0.15280192]
 [16.06        0.37214211  0.13888889]
 [17.02       -0.3448209   0.13425383]
 [17.98        0.3462234   0.1213377 ]
 [18.93       -0.31710293  0.11666101]
 [19.88        0.32086981  0.10636299]]